215946 545
215994 540
216037 535
216022 530
216001 525
215986 520
215973 515
215969 510
215962 505
215987 500
216004 495
215974 490
216004 485
215978 480
216005 475
215990 470
216028 465
216028 460
216018 455
215963 450
215992 445
215900 440
215966 435
215968 430
216008 425
215956 420
215986 415
215998 410
215991 405
215991 400
215965 395
215967 390
215924 385
215945 380
215955 375
215945 370
215953 365
215946 360
215920 355
215992 350
215992 345
215943 340
215948 335
215944 330
215949 325
215933 320
215941 315
215966 310
215957 305
215939 300
215913 295
215966 290
216010 285
215984 280
215981 275
215965 270
216012 265
215937 260
215956 255
216003 250
216016 245
215935 240
215918 235
215990 230
215940 225
215973 220
215876 215
215937 210
216022 205
216059 200
216009 195
215980 190
215957 185
215933 180
216038 175
215963 170
216029 165
215993 160
216010 155
216031 150
216055 145
216047 140
216083 135
216184 130
216323 125
216364 120
216363 115
216693 110
216860 105
216769 100
216888 95
217136 90
217770 85
217847 80
217990 75
218294 70
218931 65
219074 60
219340 55
219874 50
220517 45
220897 40
221639 35
221690 30
221945 25
222813 20
223184 15
223007 10
223461 5
223733 0
223816 -5
224182 -10
224213 -15
224289 -20
224107 -25
223948 -30
223629 -35
223151 -40
222905 -45
222440 -50
222076 -55
220994 -60
221267 -65
220153 -70
220090 -75
218979 -80
219214 -85
218390 -90
217623 -95
217470 -100
217003 -105
216852 -110
216579 -115
216559 -120
216204 -125
216309 -130
216188 -135
216162 -140
216057 -145
215975 -150
216021 -155
215914 -160
216016 -165
215927 -170
215920 -175
215936 -180
215944 -185
215888 -190
215882 -195
215949 -200
215939 -205
215933 -210
215842 -215
215988 -220
215947 -225
215909 -230
215880 -235
215876 -240
215892 -245
215861 -250
215943 -255
215953 -260
215943 -265
215914 -270
215924 -275
215913 -280
215910 -285
215948 -290
215937 -295
215844 -300
215954 -305
215910 -310
215892 -315
215885 -320
215884 -325
215890 -330
215856 -335
215947 -340
215877 -345
215917 -350
215903 -355
215892 -360
215884 -365
215918 -370
215890 -375
215884 -380
215853 -385
215913 -390
215867 -395
215860 -400
215907 -405
215856 -410
215960 -415
215944 -420
215921 -425
215856 -430
215866 -435
215850 -440
215871 -445
215915 -450
215893 -455
215866 -460
215820 -465
215856 -470
215845 -475
215920 -480
215886 -485
215880 -490
215823 -495
215822 -500
215901 -505
215877 -510
215855 -515
215877 -520
215908 -525
215818 -530
215871 -535
215806 -540
215882 -545
215830 -550
