212184.1000
212189.6000
212200.0000
212184.0000
212195.6000
212202.4000
212197.6000
212200.3000
212191.7000
212183.4000
212189.4000
212172.0000
212184.5000
212206.0000
212200.2000
212193.8000
212187.2000
212161.0000
212166.9000
212180.3000
212129.7000
212166.9000
212103.4000
212115.4000
212149.5000
212265.2000
212526.6000
212779.6000
212664.5000
212974.2000
214301.6000
214659.9000
215510.1000
216849.5000
217938.2000
219169.4000
219522.7000
219721.0000
219976.3000
220036.3000
220121.8000
220052.9000
220052.9000
220069.5000
220050.4000
220075.8000
220072.1000
220127.7000
220084.2000
220080.2000
220126.5000
220059.3000
220114.4000
220121.6000
220062.6000
220112.5000
220089.6000
219974.9000
219900.8000
219925.8000
219834.3000
219649.9000
219572.2000
219278.9000
219278.9000
218348.3000
217563.1000
216534.0000
215521.6000
214533.6000
213557.9000
213076.4000
212797.8000
212561.0000
212488.7000
212214.9078
212237.3176
212201.4230
212210.8240
212189.2206
212189.5130
212232.6010
212184.1849
212193.4645
212240.6401
212197.8115
212189.8790
212177.6424
212183.1019
212171.2575
212145.6092
212145.2570
212134.5011
212124.5414
212122.2780
212090.2109
212094.7402
212101.8658
212091.2879
212087.8064
