211374.5000
211347.2000
211368.3000
211332.9000
211344.5000
211300.2000
211380.4000
211336.0000
211346.9000
211333.5000
211367.7000
211375.5000
211375.5000
211411.2000
211411.3000
211397.0000
211424.8000
211400.3000
211441.8000
211397.2000
211420.8000
211433.0000
211412.2000
211377.3000
211412.9000
211416.3000
211395.6000
211424.1000
211432.4000
211427.9000
211455.4000
211468.0000
212643.3000
216240.3000
218732.9000
219689.7000
220049.7000
220150.2000
220230.6000
220237.0000
220244.1000
220206.3000
220208.0000
220252.9000
220327.7000
220346.5000
220360.1000
220388.2000
220378.0000
220365.7000
220436.3000
220438.1000
220429.4000
220466.4000
220456.7000
220427.6000
220441.1000
220414.1000
220464.8000
220420.5000
220413.0000
220418.2000
220397.9000
220421.6000
220395.1000
220386.9000
220266.9000
220129.0000
220036.3000
220107.6000
220043.7000
220122.4000
220190.8000
220256.0000
220196.7000
220275.7000
220112.8000
219692.0000
218171.0000
215655.1000
211695.5000
211695.5000
211697.6000
211676.8000
211712.3000
211673.6000
211700.9000
211672.9000
211698.5000
211698.5000
211712.3000
211673.6000
211700.9000
211672.9000
211698.5000
211712.3000
211673.6000
211700.9000
211672.9000
211698.5000
